intrinsic: 
526.1742768863706                0                                           400.5
0                                                 526.1742768863706          200.5
0             0         1 

distortion
0.148000794688248           -0.217835187249065              0     0    0
